trackerType        | createThreshold    | removeThreshold    | surviveThreshold   | surviveMovePercent | minScorePrediction | mAP                | Elapsed time       | GTmAP              | Memory            
cached medianflow  |           0.000000 |           0.000000 |           0.000000 |           0.000000 |           0.000000 |           0.017057 |           2.369661 |           0.022835 |       75268.000000
cached medianflow  |           0.000000 |           0.010000 |           0.000000 |           0.000000 |           0.000000 |           0.017057 |           0.048866 |           0.022835 |       75268.000000
cached medianflow  |           0.000000 |           0.020000 |           0.000000 |           0.000000 |           0.000000 |           0.017057 |           0.047874 |           0.022835 |       75268.000000
cached medianflow  |           0.000000 |           0.030000 |           0.000000 |           0.000000 |           0.000000 |           0.017057 |           0.048868 |           0.022835 |       75268.000000
cached medianflow  |           0.000000 |           0.040000 |           0.000000 |           0.000000 |           0.000000 |           0.017057 |           0.045882 |           0.022835 |       75268.000000
cached medianflow  |           0.000000 |           0.050000 |           0.000000 |           0.000000 |           0.000000 |           0.017057 |           0.047869 |           0.022835 |       75268.000000
cached medianflow  |           0.000000 |           0.060000 |           0.000000 |           0.000000 |           0.000000 |           0.017057 |           0.045882 |           0.022835 |       75268.000000
cached medianflow  |           0.000000 |           0.070000 |           0.000000 |           0.000000 |           0.000000 |           0.017057 |           0.045879 |           0.022835 |       75268.000000
cached medianflow  |           0.000000 |           0.080000 |           0.000000 |           0.000000 |           0.000000 |           0.017057 |           0.043878 |           0.022835 |       75268.000000
cached medianflow  |           0.000000 |           0.090000 |           0.000000 |           0.000000 |           0.000000 |           0.017057 |           0.045878 |           0.022835 |       75268.000000
cached medianflow  |           0.000000 |           0.100000 |           0.000000 |           0.000000 |           0.000000 |           0.017057 |           0.046882 |           0.022835 |       75268.000000
cached medianflow  |           0.000000 |           0.110000 |           0.000000 |           0.000000 |           0.000000 |           0.017057 |           0.045871 |           0.022835 |       75268.000000
cached medianflow  |           0.000000 |           0.120000 |           0.000000 |           0.000000 |           0.000000 |           0.017057 |           0.044880 |           0.022835 |       75268.000000
cached medianflow  |           0.000000 |           0.130000 |           0.000000 |           0.000000 |           0.000000 |           0.017057 |           0.046871 |           0.022835 |       75268.000000
cached medianflow  |           0.000000 |           0.140000 |           0.000000 |           0.000000 |           0.000000 |           0.017057 |           0.044890 |           0.022835 |       75268.000000
cached medianflow  |           0.000000 |           0.150000 |           0.000000 |           0.000000 |           0.000000 |           0.017057 |           0.057835 |           0.022835 |       75268.000000
cached medianflow  |           0.000000 |           0.160000 |           0.000000 |           0.000000 |           0.000000 |           0.017057 |           0.042886 |           0.022835 |       75268.000000
cached medianflow  |           0.000000 |           0.170000 |           0.000000 |           0.000000 |           0.000000 |           0.017057 |           0.054857 |           0.022835 |       75268.000000
cached medianflow  |           0.000000 |           0.180000 |           0.000000 |           0.000000 |           0.000000 |           0.017057 |           0.042887 |           0.022835 |       75268.000000
cached medianflow  |           0.000000 |           0.190000 |           0.000000 |           0.000000 |           0.000000 |           0.017057 |           0.040905 |           0.022835 |       75268.000000
cached medianflow  |           0.000000 |           0.200000 |           0.000000 |           0.000000 |           0.000000 |           0.017057 |           0.038881 |           0.022835 |       75268.000000
cached medianflow  |           0.000000 |           0.210000 |           0.000000 |           0.000000 |           0.000000 |           0.017057 |           0.040887 |           0.022835 |       75268.000000
cached medianflow  |           0.000000 |           0.220000 |           0.000000 |           0.000000 |           0.000000 |           0.017057 |           0.067853 |           0.022835 |       75268.000000
cached medianflow  |           0.000000 |           0.230000 |           0.000000 |           0.000000 |           0.000000 |           0.017057 |           0.039860 |           0.022835 |       75268.000000
cached medianflow  |           0.000000 |           0.240000 |           0.000000 |           0.000000 |           0.000000 |           0.017057 |           0.051864 |           0.022835 |       75268.000000
cached medianflow  |           0.000000 |           0.250000 |           0.000000 |           0.000000 |           0.000000 |           0.017057 |           0.044882 |           0.022835 |       75268.000000
cached medianflow  |           0.000000 |           0.260000 |           0.000000 |           0.000000 |           0.000000 |           0.017057 |           0.040891 |           0.022835 |       75268.000000
cached medianflow  |           0.000000 |           0.270000 |           0.000000 |           0.000000 |           0.000000 |           0.017057 |           0.053861 |           0.022835 |       75296.000000
cached medianflow  |           0.000000 |           0.280000 |           0.000000 |           0.000000 |           0.000000 |           0.017057 |           0.040892 |           0.022835 |       75296.000000
cached medianflow  |           0.000000 |           0.280000 |           0.000000 |           0.000000 |           0.000000 |           0.017057 |           0.047871 |           0.022835 |       75296.000000
cached medianflow  |           0.000000 |           0.300000 |           0.000000 |           0.000000 |           0.000000 |           0.017057 |           0.044883 |           0.022835 |       75296.000000
cached medianflow  |           0.000000 |           0.310000 |           0.000000 |           0.000000 |           0.000000 |           0.017057 |           0.062825 |           0.022835 |       75296.000000
cached medianflow  |           0.000000 |           0.320000 |           0.000000 |           0.000000 |           0.000000 |           0.017057 |           0.060835 |           0.022835 |       75296.000000
cached medianflow  |           0.000000 |           0.330000 |           0.000000 |           0.000000 |           0.000000 |           0.017057 |           0.071846 |           0.022835 |       75296.000000
cached medianflow  |           0.000000 |           0.340000 |           0.000000 |           0.000000 |           0.000000 |           0.017057 |           0.045839 |           0.022835 |       75296.000000
cached medianflow  |           0.000000 |           0.350000 |           0.000000 |           0.000000 |           0.000000 |           0.017057 |           0.046877 |           0.022835 |       75296.000000
cached medianflow  |           0.000000 |           0.360000 |           0.000000 |           0.000000 |           0.000000 |           0.017057 |           0.051893 |           0.022835 |       75296.000000
cached medianflow  |           0.000000 |           0.370000 |           0.000000 |           0.000000 |           0.000000 |           0.017057 |           0.090759 |           0.022835 |       75296.000000
cached medianflow  |           0.000000 |           0.380000 |           0.000000 |           0.000000 |           0.000000 |           0.017057 |           0.043881 |           0.022835 |       75296.000000
cached medianflow  |           0.000000 |           0.390000 |           0.000000 |           0.000000 |           0.000000 |           0.017018 |           0.085746 |           0.022724 |       75296.000000
cached medianflow  |           0.000000 |           0.400000 |           0.000000 |           0.000000 |           0.000000 |           0.017018 |           0.046871 |           0.022724 |       75296.000000
cached medianflow  |           0.000000 |           0.410000 |           0.000000 |           0.000000 |           0.000000 |           0.017018 |           0.047873 |           0.022724 |       75296.000000
cached medianflow  |           0.000000 |           0.420000 |           0.000000 |           0.000000 |           0.000000 |           0.017018 |           0.048869 |           0.022724 |       75296.000000
cached medianflow  |           0.000000 |           0.430000 |           0.000000 |           0.000000 |           0.000000 |           0.017018 |           0.062835 |           0.022724 |       75296.000000
cached medianflow  |           0.000000 |           0.440000 |           0.000000 |           0.000000 |           0.000000 |           0.017018 |           0.047877 |           0.022724 |       75296.000000
cached medianflow  |           0.000000 |           0.450000 |           0.000000 |           0.000000 |           0.000000 |           0.017018 |           0.044880 |           0.022724 |       75296.000000
cached medianflow  |           0.000000 |           0.460000 |           0.000000 |           0.000000 |           0.000000 |           0.016963 |           0.057845 |           0.022576 |       75296.000000
cached medianflow  |           0.000000 |           0.470000 |           0.000000 |           0.000000 |           0.000000 |           0.016812 |           0.117680 |           0.022475 |       75352.000000
cached medianflow  |           0.000000 |           0.480000 |           0.000000 |           0.000000 |           0.000000 |           0.016812 |           0.054849 |           0.022475 |       75352.000000
cached medianflow  |           0.000000 |           0.490000 |           0.000000 |           0.000000 |           0.000000 |           0.016812 |           0.044877 |           0.022475 |       75352.000000
cached medianflow  |           0.000000 |           0.500000 |           0.000000 |           0.000000 |           0.000000 |           0.016812 |           0.045859 |           0.022475 |       75352.000000
cached medianflow  |           0.000000 |           0.510000 |           0.000000 |           0.000000 |           0.000000 |           0.016812 |           0.047869 |           0.022475 |       75352.000000
cached medianflow  |           0.000000 |           0.520000 |           0.000000 |           0.000000 |           0.000000 |           0.016812 |           0.043886 |           0.022475 |       75352.000000
cached medianflow  |           0.000000 |           0.530000 |           0.000000 |           0.000000 |           0.000000 |           0.016812 |           0.044880 |           0.022475 |       75352.000000
cached medianflow  |           0.000000 |           0.540000 |           0.000000 |           0.000000 |           0.000000 |           0.016812 |           0.044881 |           0.022475 |       75352.000000
cached medianflow  |           0.000000 |           0.550000 |           0.000000 |           0.000000 |           0.000000 |           0.016812 |           0.043884 |           0.022475 |       75352.000000
cached medianflow  |           0.000000 |           0.560000 |           0.000000 |           0.000000 |           0.000000 |           0.016812 |           0.043877 |           0.022475 |       75352.000000
cached medianflow  |           0.000000 |           0.560000 |           0.000000 |           0.000000 |           0.000000 |           0.016812 |           0.043871 |           0.022475 |       75352.000000
cached medianflow  |           0.000000 |           0.570000 |           0.000000 |           0.000000 |           0.000000 |           0.016812 |           0.041887 |           0.022475 |       75352.000000
cached medianflow  |           0.000000 |           0.590000 |           0.000000 |           0.000000 |           0.000000 |           0.016812 |           0.200466 |           0.022475 |       75380.000000
cached medianflow  |           0.000000 |           0.600000 |           0.000000 |           0.000000 |           0.000000 |           0.016812 |           0.042885 |           0.022475 |       75380.000000
cached medianflow  |           0.000000 |           0.610000 |           0.000000 |           0.000000 |           0.000000 |           0.016812 |           0.046877 |           0.022475 |       75380.000000
cached medianflow  |           0.000000 |           0.620000 |           0.000000 |           0.000000 |           0.000000 |           0.016812 |           0.279252 |           0.022475 |       75408.000000
cached medianflow  |           0.000000 |           0.630000 |           0.000000 |           0.000000 |           0.000000 |           0.016812 |           0.048872 |           0.022475 |       75436.000000
cached medianflow  |           0.000000 |           0.640000 |           0.000000 |           0.000000 |           0.000000 |           0.016812 |           0.066801 |           0.022475 |       75436.000000
cached medianflow  |           0.000000 |           0.650000 |           0.000000 |           0.000000 |           0.000000 |           0.016630 |           0.053861 |           0.022475 |       75436.000000
cached medianflow  |           0.000000 |           0.660000 |           0.000000 |           0.000000 |           0.000000 |           0.016630 |           0.038890 |           0.022475 |       75436.000000
cached medianflow  |           0.000000 |           0.670000 |           0.000000 |           0.000000 |           0.000000 |           0.016426 |           0.079784 |           0.022475 |       75436.000000
cached medianflow  |           0.000000 |           0.680000 |           0.000000 |           0.000000 |           0.000000 |           0.016426 |           0.040896 |           0.022475 |       75436.000000
cached medianflow  |           0.000000 |           0.690000 |           0.000000 |           0.000000 |           0.000000 |           0.016426 |           0.046877 |           0.022475 |       75436.000000
cached medianflow  |           0.000000 |           0.700000 |           0.000000 |           0.000000 |           0.000000 |           0.016426 |           0.049884 |           0.022475 |       75436.000000
cached medianflow  |           0.000000 |           0.710000 |           0.000000 |           0.000000 |           0.000000 |           0.016426 |           0.044855 |           0.022475 |       75436.000000
cached medianflow  |           0.000000 |           0.720000 |           0.000000 |           0.000000 |           0.000000 |           0.016371 |           0.096745 |           0.022250 |       75436.000000
cached medianflow  |           0.000000 |           0.730000 |           0.000000 |           0.000000 |           0.000000 |           0.016358 |           0.162565 |           0.022250 |       75464.000000
cached medianflow  |           0.000000 |           0.740000 |           0.000000 |           0.000000 |           0.000000 |           0.016358 |           0.228401 |           0.022250 |       75464.000000
cached medianflow  |           0.000000 |           0.750000 |           0.000000 |           0.000000 |           0.000000 |           0.016253 |           0.144613 |           0.022250 |       75464.000000
cached medianflow  |           0.000000 |           0.760000 |           0.000000 |           0.000000 |           0.000000 |           0.016208 |           0.065825 |           0.022250 |       75464.000000
cached medianflow  |           0.000000 |           0.770000 |           0.000000 |           0.000000 |           0.000000 |           0.016208 |           0.070811 |           0.022250 |       75464.000000
cached medianflow  |           0.000000 |           0.780000 |           0.000000 |           0.000000 |           0.000000 |           0.016043 |           0.139651 |           0.021713 |       75464.000000
cached medianflow  |           0.000000 |           0.790000 |           0.000000 |           0.000000 |           0.000000 |           0.016043 |           0.053856 |           0.021713 |       75464.000000
cached medianflow  |           0.000000 |           0.800000 |           0.000000 |           0.000000 |           0.000000 |           0.016007 |           0.373999 |           0.021603 |       75464.000000
cached medianflow  |           0.000000 |           0.810000 |           0.000000 |           0.000000 |           0.000000 |           0.015195 |           0.409900 |           0.020706 |       75492.000000
cached medianflow  |           0.000000 |           0.820000 |           0.000000 |           0.000000 |           0.000000 |           0.014922 |           0.265284 |           0.020706 |       75604.000000
cached medianflow  |           0.000000 |           0.830000 |           0.000000 |           0.000000 |           0.000000 |           0.014883 |           0.281245 |           0.020706 |       75604.000000
cached medianflow  |           0.000000 |           0.840000 |           0.000000 |           0.000000 |           0.000000 |           0.014882 |           0.253326 |           0.020700 |       75604.000000
cached medianflow  |           0.000000 |           0.850000 |           0.000000 |           0.000000 |           0.000000 |           0.014882 |           0.297205 |           0.020700 |       75660.000000
cached medianflow  |           0.000000 |           0.860000 |           0.000000 |           0.000000 |           0.000000 |           0.014018 |           0.571511 |           0.019413 |       75660.000000
cached medianflow  |           0.000000 |           0.870000 |           0.000000 |           0.000000 |           0.000000 |           0.013445 |           0.271274 |           0.018538 |       75660.000000
cached medianflow  |           0.000000 |           0.880000 |           0.000000 |           0.000000 |           0.000000 |           0.012484 |           0.714057 |           0.016443 |       75660.000000
cached medianflow  |           0.000000 |           0.890000 |           0.000000 |           0.000000 |           0.000000 |           0.011989 |           0.538599 |           0.015642 |       75660.000000
cached medianflow  |           0.000000 |           0.900000 |           0.000000 |           0.000000 |           0.000000 |           0.011171 |           0.989319 |           0.013646 |       75660.000000
cached medianflow  |           0.000000 |           0.910000 |           0.000000 |           0.000000 |           0.000000 |           0.009830 |           0.528595 |           0.011559 |       75660.000000
cached medianflow  |           0.000000 |           0.920000 |           0.000000 |           0.000000 |           0.000000 |           0.008842 |           1.294535 |           0.010383 |       75688.000000
cached medianflow  |           0.000000 |           0.930000 |           0.000000 |           0.000000 |           0.000000 |           0.008583 |           0.475727 |           0.009832 |       75688.000000
cached medianflow  |           0.000000 |           0.940000 |           0.000000 |           0.000000 |           0.000000 |           0.007782 |           0.217422 |           0.008746 |       75688.000000
cached medianflow  |           0.000000 |           0.950000 |           0.000000 |           0.000000 |           0.000000 |           0.007373 |           0.200462 |           0.008200 |       75688.000000
cached medianflow  |           0.000000 |           0.960000 |           0.000000 |           0.000000 |           0.000000 |           0.007289 |           0.148601 |           0.008068 |       75688.000000
cached medianflow  |           0.000000 |           0.970000 |           0.000000 |           0.000000 |           0.000000 |           0.007285 |           0.093749 |           0.008060 |       75688.000000
cached medianflow  |           0.000000 |           0.980000 |           0.000000 |           0.000000 |           0.000000 |           0.007285 |           0.058843 |           0.008060 |       75688.000000
cached medianflow  |           0.000000 |           0.990000 |           0.000000 |           0.000000 |           0.000000 |           0.007285 |           0.057838 |           0.008060 |       75688.000000
cached medianflow  |           0.000000 |           1.000000 |           0.000000 |           0.000000 |           0.000000 |           0.007285 |           0.058845 |           0.008060 |       75688.000000
