334 231.00 245.00 245.00 263.00
335 238.25 243.59 253.24 261.09
336 239.08 243.00 255.18 260.26
337 238.11 244.22 254.02 260.61
338 238.49 244.08 255.02 260.11
339 238.27 245.14 254.55 260.23
340 236.91 244.78 254.48 260.40
341 237.50 245.65 256.35 261.16
342 237.11 246.42 255.40 261.82
343 236.81 246.36 255.07 261.24
344 237.26 246.39 255.65 261.40
345 237.03 246.77 254.81 261.21
346 235.94 247.34 254.39 262.61
347 237.10 247.45 254.89 262.88
348 237.73 248.14 256.82 263.16
349 239.04 248.70 257.04 262.48
350 238.92 248.41 256.40 262.78
351 239.57 248.47 255.66 261.98
352 241.10 248.63 257.55 262.47
353 241.71 248.64 258.60 262.23
354 242.08 248.89 258.68 262.21
355 242.88 248.56 258.80 261.28
356 244.70 248.27 260.17 261.18
357 244.38 247.87 260.58 260.88
358 245.02 247.83 260.12 260.36
359 246.19 247.50 261.55 259.90
360 247.84 247.48 263.04 259.85
361 249.62 247.14 264.66 259.51
362 249.51 246.15 264.93 258.52
363 251.30 244.93 266.51 257.55
364 252.76 244.33 268.10 257.17
365 254.12 242.19 269.61 255.16
366 256.43 237.40 272.37 251.28
367 258.81 233.56 274.37 248.58
368 258.32 228.77 274.65 245.58
369 260.74 224.11 277.95 241.71
370 262.85 219.89 280.47 238.69
371 266.43 216.27 285.61 236.24
372 267.77 213.78 286.98 234.39
373 269.42 211.41 288.43 232.08
374 268.60 208.34 287.74 229.92
375 270.92 206.12 289.94 228.24
376 270.91 206.07 289.47 228.45
377 271.28 204.16 290.06 226.83
378 272.91 202.44 291.62 224.99
379 272.39 200.70 289.85 222.32
380 272.09 201.36 289.23 222.45
381 272.65 200.66 288.47 220.49
382 273.96 199.17 289.58 219.05
383 274.39 200.27 289.26 218.55
384 275.68 200.09 289.99 218.54
385 276.73 200.24 290.75 217.72
386 278.15 201.96 291.69 218.56
387 280.07 203.88 293.11 219.35
388 280.62 204.50 293.51 219.52
389 281.85 204.66 294.30 219.19
390 283.22 205.55 295.58 219.77
391 283.76 205.81 295.81 219.24
392 284.11 206.39 295.90 219.41
393 284.80 206.47 296.50 219.32
394 284.94 207.03 296.19 219.33
395 285.40 207.83 296.50 220.10
396 285.30 207.65 296.36 219.76
397 283.62 207.61 294.33 219.70
398 283.72 207.19 293.98 218.97
399 280.88 207.01 291.18 218.78
400 278.73 206.27 288.85 218.12
401 278.24 206.92 288.52 218.76
402 277.31 206.74 287.01 218.34
403 276.94 206.96 285.92 218.06
404 277.69 207.35 286.44 218.31
405 277.92 208.08 286.55 218.66
406 279.24 209.42 287.70 220.21
407 279.78 209.46 288.24 220.26
408 281.15 209.14 289.92 220.16
409 281.91 208.91 290.72 219.83
410 284.74 207.88 293.85 218.79
411 286.15 207.96 295.05 218.38
412 288.18 206.57 297.33 217.47
413 288.61 206.71 297.88 218.02
414 287.72 206.07 297.17 217.56
415 286.80 206.42 295.99 217.74
416 286.30 207.56 295.03 218.15
417 286.97 208.20 295.86 219.24
418 286.40 208.54 295.34 218.77
419 287.44 209.72 296.05 219.92
420 287.45 210.52 295.91 220.94
421 288.45 213.19 296.83 223.51
422 289.28 214.93 297.28 224.99
423 291.91 216.25 300.16 226.29
424 293.62 217.80 301.65 227.38
425 294.79 218.91 302.71 228.54
426 294.90 220.58 301.89 230.20
427 295.24 222.50 301.44 231.78
428 295.81 224.88 301.25 233.97
429 296.14 227.16 301.06 236.08
430 296.42 229.20 300.97 238.02
431 296.29 231.19 300.51 239.65
432 296.32 232.51 300.33 240.70
433 296.08 233.55 299.83 241.57
434 296.13 234.56 299.60 242.43
435 296.12 235.87 299.32 243.56
436 296.02 237.38 299.04 245.07
437 295.83 239.67 298.61 247.11
438 295.82 242.11 298.15 249.37
439 295.69 244.21 297.82 251.55
440 295.62 245.77 297.65 253.17
441 295.55 248.05 297.45 255.42
442 295.50 249.09 297.28 256.70
443 295.44 250.93 297.12 258.54
444 295.38 252.81 296.95 260.62
445 295.37 254.33 296.78 262.20
446 295.36 255.52 296.61 263.42
447 295.36 256.92 296.47 265.04
448 295.34 258.34 296.34 266.57
449 295.32 260.08 296.19 268.46
450 295.27 261.82 296.05 270.38
451 295.20 264.07 295.90 272.76
452 295.14 265.95 295.75 274.92
453 295.08 267.89 295.62 277.25
454 295.03 270.15 295.52 279.92
455 294.99 272.46 295.43 282.45
456 294.95 275.13 295.35 285.56
457 294.92 277.69 295.28 288.44
458 294.88 279.38 295.24 290.00
459 294.86 280.78 295.21 291.23
460 294.84 282.02 295.18 292.27
461 294.82 283.11 295.15 293.17
462 294.81 284.09 295.13 293.97
463 294.81 284.80 295.12 294.25
464 294.82 285.47 295.12 294.52
465 294.82 286.12 295.11 294.78
466 294.82 286.76 295.11 295.03
467 294.82 287.38 295.10 295.27
468 294.82 287.98 295.10 295.49
469 294.81 288.57 295.09 295.70
470 294.81 289.13 295.09 295.89
471 294.81 289.67 295.08 296.07
472 294.81 290.19 295.08 296.23
473 294.80 290.69 295.08 296.38
474 294.80 291.16 295.07 296.51
475 294.79 291.61 295.07 296.62
476 294.79 292.03 295.06 296.73
477 294.78 292.43 295.06 296.81
478 294.78 292.81 295.05 296.89
479 294.77 293.15 295.05 296.96
480 294.77 293.48 295.04 297.01
481 294.76 293.78 295.04 297.06
482 294.75 294.06 295.03 297.10
483 294.75 294.32 295.03 297.13
484 294.74 294.56 295.02 297.15
485 294.73 294.78 295.02 297.17
486 294.72 294.99 295.01 297.18
487 294.71 295.17 295.01 297.19
488 294.71 295.35 295.00 297.20
489 294.70 295.50 295.00 297.20
490 294.69 295.64 294.99 297.20
491 294.68 295.77 294.99 297.20
492 294.67 295.89 294.98 297.20
493 294.66 296.00 294.98 297.20
494 294.63 296.16 294.93 297.29
495 294.64 296.36 294.87 297.42
496 294.65 296.46 294.86 297.48
497 294.65 296.55 294.85 297.53
498 294.65 296.63 294.85 297.57
499 294.65 296.71 294.84 297.61
500 294.65 296.78 294.83 297.64
501 294.65 296.84 294.83 297.67
502 294.65 296.91 294.82 297.70
503 294.65 296.97 294.82 297.73
504 294.64 297.03 294.81 297.76
505 294.64 297.09 294.81 297.78
506 294.64 297.14 294.80 297.81
507 294.64 297.19 294.80 297.83
508 294.64 297.24 294.79 297.85
509 294.63 297.28 294.79 297.87
510 294.63 297.33 294.78 297.88
511 294.63 297.37 294.78 297.90
512 294.63 297.41 294.77 297.91
513 294.62 297.45 294.77 297.93
514 294.62 297.48 294.76 297.94
515 294.62 297.51 294.76 297.95
516 294.61 297.55 294.75 297.96
517 294.61 297.57 294.75 297.97
518 294.61 297.60 294.74 297.98
519 294.60 297.63 294.74 297.98
520 294.60 297.65 294.73 297.99
521 294.60 297.68 294.73 297.99
522 294.59 297.70 294.73 298.00
523 294.59 297.72 294.72 298.00
524 294.58 297.74 294.72 298.01
525 294.58 297.76 294.71 298.01
526 294.57 297.78 294.71 298.01
527 294.58 297.79 294.71 298.02
528 294.58 297.81 294.70 298.02
529 294.58 297.82 294.70 298.03
530 294.58 297.84 294.70 298.04
531 294.58 297.85 294.70 298.04
532 294.58 297.87 294.70 298.05
533 294.58 297.88 294.69 298.05
534 294.57 297.90 294.69 298.06
535 294.57 297.91 294.69 298.06
536 294.57 297.92 294.69 298.07
537 294.57 297.93 294.69 298.07
538 294.57 297.94 294.68 298.07
539 294.57 297.96 294.68 298.07
540 294.56 297.97 294.68 298.08
541 294.56 297.98 294.68 298.08
542 294.56 297.98 294.68 298.08
543 294.56 297.99 294.67 298.08
544 294.56 298.00 294.67 298.08
545 294.55 298.01 294.67 298.09
546 294.55 298.01 294.67 298.09
547 294.55 298.01 294.67 298.09
548 294.55 298.01 294.67 298.09
549 294.55 298.01 294.67 298.09
550 294.55 298.01 294.67 298.09
551 294.55 298.01 294.67 298.09
552 294.55 298.01 294.67 298.09
553 294.55 298.01 294.67 298.09
554 294.55 298.01 294.67 298.09
555 294.55 298.01 294.67 298.09
556 294.55 298.01 294.67 298.09
557 294.55 298.01 294.67 298.09
558 294.55 298.01 294.67 298.09
559 294.55 298.01 294.67 298.09
560 294.55 298.01 294.67 298.09
561 294.55 298.01 294.67 298.09
562 294.55 298.01 294.67 298.09
563 294.55 298.01 294.67 298.09
564 294.55 298.01 294.67 298.09
565 294.55 298.01 294.67 298.09
566 294.55 298.01 294.67 298.09
567 294.55 298.01 294.67 298.09
568 294.55 298.01 294.67 298.09
569 294.55 298.01 294.67 298.09
570 294.55 298.01 294.67 298.09
571 294.55 298.01 294.67 298.09
572 294.55 298.01 294.67 298.09
573 294.55 298.01 294.67 298.09
574 294.55 298.01 294.67 298.09
575 294.55 298.01 294.67 298.09
576 294.55 298.01 294.67 298.09
577 294.55 298.01 294.67 298.09
578 294.55 298.01 294.67 298.09
579 294.55 298.01 294.67 298.09
580 294.55 298.01 294.67 298.09
581 294.55 298.01 294.67 298.09
582 294.55 298.01 294.67 298.09
583 294.55 298.01 294.67 298.09
584 294.55 298.01 294.67 298.09
585 294.55 298.01 294.67 298.09
586 294.55 298.01 294.67 298.09
587 294.55 298.01 294.67 298.09
588 294.55 298.01 294.67 298.09
589 294.55 298.01 294.67 298.09
590 294.55 298.01 294.67 298.09
591 294.55 298.01 294.67 298.09
592 294.55 298.01 294.67 298.09
593 294.55 298.01 294.67 298.09
594 294.55 298.01 294.67 298.09
595 294.55 298.01 294.67 298.09
596 294.55 298.01 294.67 298.09
597 294.55 298.01 294.67 298.09
598 294.55 298.01 294.67 298.09
599 294.55 298.01 294.67 298.09
600 294.55 298.01 294.67 298.09
601 294.55 298.01 294.67 298.09
602 294.55 298.01 294.67 298.09
603 294.55 298.01 294.67 298.09
604 294.55 298.01 294.67 298.09
605 294.55 298.01 294.67 298.09
606 294.55 298.01 294.67 298.09
607 294.55 298.01 294.67 298.09
608 294.55 298.01 294.67 298.09
609 294.55 298.01 294.67 298.09
610 294.55 298.01 294.67 298.09
611 294.55 298.01 294.67 298.09
612 294.55 298.01 294.67 298.09
613 294.55 298.01 294.67 298.09
614 294.55 298.01 294.67 298.09
615 294.55 298.01 294.67 298.09
616 294.55 298.01 294.67 298.09
617 294.55 298.01 294.67 298.09
618 294.55 298.01 294.67 298.09
619 294.55 298.01 294.67 298.09
620 294.55 298.01 294.67 298.09
621 294.55 298.01 294.67 298.09
622 294.55 298.01 294.67 298.09
623 294.55 298.01 294.67 298.09
624 294.55 298.01 294.67 298.09
625 294.55 298.01 294.67 298.09
626 294.55 298.01 294.67 298.09
627 294.55 298.01 294.67 298.09
628 294.55 298.01 294.67 298.09
629 294.55 298.01 294.67 298.09
630 294.55 298.01 294.67 298.09
631 294.55 298.01 294.67 298.09
632 294.55 298.01 294.67 298.09
633 294.55 298.01 294.67 298.09
634 294.55 298.01 294.67 298.09
635 294.55 298.01 294.67 298.09
636 294.55 298.01 294.67 298.09
637 294.55 298.01 294.67 298.09
638 294.55 298.01 294.67 298.09
639 294.55 298.01 294.67 298.09
640 294.55 298.01 294.67 298.09
641 294.55 298.01 294.67 298.09
642 294.55 298.01 294.67 298.09
643 294.55 298.01 294.67 298.09
644 294.55 298.01 294.67 298.09
645 294.55 298.01 294.67 298.09
646 294.55 298.01 294.67 298.09
647 294.55 298.01 294.67 298.09
648 294.55 298.01 294.67 298.09
649 294.55 298.01 294.67 298.09
650 294.55 298.01 294.67 298.09
651 294.55 298.01 294.67 298.09
652 294.55 298.01 294.67 298.09
653 294.55 298.01 294.67 298.09
654 294.55 298.01 294.67 298.09
655 294.55 298.01 294.67 298.09
656 294.55 298.01 294.67 298.09
657 294.55 298.01 294.67 298.09
658 294.55 298.01 294.67 298.09
659 294.55 298.01 294.67 298.09
660 294.55 298.01 294.67 298.09
661 294.55 298.01 294.67 298.09
662 294.55 298.01 294.67 298.09
663 294.55 298.01 294.67 298.09
664 294.55 298.01 294.67 298.09
665 294.55 298.01 294.67 298.09
666 294.55 298.01 294.67 298.09
667 294.55 298.01 294.67 298.09
668 294.55 298.01 294.67 298.09
669 294.55 298.01 294.67 298.09
670 294.55 298.01 294.67 298.09
671 294.55 298.01 294.67 298.09
672 294.55 298.01 294.67 298.09
673 294.55 298.01 294.67 298.09
674 294.55 298.01 294.67 298.09
675 294.55 298.01 294.67 298.09
676 294.55 298.01 294.67 298.09
677 294.55 298.01 294.67 298.09
678 294.55 298.01 294.67 298.09
679 294.55 298.01 294.67 298.09
680 294.55 298.01 294.67 298.09
681 294.55 298.01 294.67 298.09
682 294.55 298.01 294.67 298.09
683 294.55 298.01 294.67 298.09
684 294.55 298.01 294.67 298.09
685 294.55 298.01 294.67 298.09
686 294.55 298.01 294.67 298.09
687 294.55 298.01 294.67 298.09
688 294.55 298.01 294.67 298.09
689 294.55 298.01 294.67 298.09
690 294.55 298.01 294.67 298.09
691 294.55 298.01 294.67 298.09
692 294.55 298.01 294.67 298.09
693 294.55 298.01 294.67 298.09
694 294.55 298.01 294.67 298.09
695 294.55 298.01 294.67 298.09
696 294.55 298.01 294.67 298.09
697 294.55 298.01 294.67 298.09
698 294.55 298.01 294.67 298.09
699 294.55 298.01 294.67 298.09
700 294.55 298.01 294.67 298.09
701 294.55 298.01 294.67 298.09
702 294.55 298.01 294.67 298.09
703 294.55 298.01 294.67 298.09
704 294.55 298.01 294.67 298.09
705 294.55 298.01 294.67 298.09
706 294.55 298.01 294.67 298.09
707 294.55 298.01 294.67 298.09
708 294.55 298.01 294.67 298.09
709 294.55 298.01 294.67 298.09
710 294.55 298.01 294.67 298.09
711 294.55 298.01 294.67 298.09
712 294.55 298.01 294.67 298.09
713 294.55 298.01 294.67 298.09
714 294.55 298.01 294.67 298.09
715 294.55 298.01 294.67 298.09
716 294.55 298.01 294.67 298.09
717 294.55 298.01 294.67 298.09
718 294.55 298.01 294.67 298.09
719 294.55 298.01 294.67 298.09
720 294.55 298.01 294.67 298.09
721 294.55 298.01 294.67 298.09
722 294.55 298.01 294.67 298.09
723 294.55 298.01 294.67 298.09
724 294.55 298.01 294.67 298.09
725 294.55 298.01 294.67 298.09
726 294.55 298.01 294.67 298.09
727 294.55 298.01 294.67 298.09
728 294.55 298.01 294.67 298.09
729 294.55 298.01 294.67 298.09
730 294.55 298.01 294.67 298.09
731 294.55 298.01 294.67 298.09
732 294.55 298.01 294.67 298.09
733 294.55 298.01 294.67 298.09
734 294.55 298.01 294.67 298.09
735 294.55 298.01 294.67 298.09
736 294.55 298.01 294.67 298.09
737 294.55 298.01 294.67 298.09
738 294.55 298.01 294.67 298.09
739 294.55 298.01 294.67 298.09
740 294.55 298.01 294.67 298.09
741 294.55 298.01 294.67 298.09
742 294.55 298.01 294.67 298.09
743 294.55 298.01 294.67 298.09
744 294.55 298.01 294.67 298.09
745 294.55 298.01 294.67 298.09
746 294.55 298.01 294.67 298.09
747 294.55 298.01 294.67 298.09
748 294.55 298.01 294.67 298.09
749 294.55 298.01 294.67 298.09
750 294.55 298.01 294.67 298.09
751 294.55 298.01 294.67 298.09
752 294.55 298.01 294.67 298.09
753 294.55 298.01 294.67 298.09
754 294.55 298.01 294.67 298.09
755 294.55 298.01 294.67 298.09
756 294.55 298.01 294.67 298.09
757 294.55 298.01 294.67 298.09
758 294.55 298.01 294.67 298.09
759 294.55 298.01 294.67 298.09
760 294.55 298.01 294.67 298.09
761 294.55 298.01 294.67 298.09
762 294.55 298.01 294.67 298.09
763 294.55 298.01 294.67 298.09
764 294.55 298.01 294.67 298.09
765 294.55 298.01 294.67 298.09
766 294.55 298.01 294.67 298.09
767 294.55 298.01 294.67 298.09
768 294.55 298.01 294.67 298.09
769 294.55 298.01 294.67 298.09
770 294.55 298.01 294.67 298.09
771 294.55 298.01 294.67 298.09
772 294.55 298.01 294.67 298.09
773 294.55 298.01 294.67 298.09
774 294.55 298.01 294.67 298.09
775 294.55 298.01 294.67 298.09
776 294.55 298.01 294.67 298.09
777 294.55 298.01 294.67 298.09
778 294.55 298.01 294.67 298.09
779 294.55 298.01 294.67 298.09
780 294.55 298.01 294.67 298.09
781 294.55 298.01 294.67 298.09
782 294.55 298.01 294.67 298.09
783 294.55 298.01 294.67 298.09
784 294.55 298.01 294.67 298.09
785 294.55 298.01 294.67 298.09
786 294.55 298.01 294.67 298.09
787 294.55 298.01 294.67 298.09
788 294.55 298.01 294.67 298.09
789 294.55 298.01 294.67 298.09
790 294.55 298.01 294.67 298.09
791 294.55 298.01 294.67 298.09
792 294.55 298.01 294.67 298.09
793 294.55 298.01 294.67 298.09
794 294.55 298.01 294.67 298.09
795 294.55 298.01 294.67 298.09
796 294.55 298.01 294.67 298.09
797 294.55 298.01 294.67 298.09
798 294.55 298.01 294.67 298.09
799 294.55 298.01 294.67 298.09
800 294.55 298.01 294.67 298.09
801 294.55 298.01 294.67 298.09
802 294.55 298.01 294.67 298.09
803 294.55 298.01 294.67 298.09
804 294.55 298.01 294.67 298.09
805 294.55 298.01 294.67 298.09
806 294.55 298.01 294.67 298.09
807 294.55 298.01 294.67 298.09
808 294.55 298.01 294.67 298.09
809 294.55 298.01 294.67 298.09
810 294.55 298.01 294.67 298.09
811 294.55 298.01 294.67 298.09
812 294.55 298.01 294.67 298.09
813 294.55 298.01 294.67 298.09
814 294.55 298.01 294.67 298.09
815 294.55 298.01 294.67 298.09
816 294.55 298.01 294.67 298.09
817 294.55 298.01 294.67 298.09
818 294.55 298.01 294.67 298.09
819 294.55 298.01 294.67 298.09
820 294.55 298.01 294.67 298.09
821 294.55 298.01 294.67 298.09
822 294.55 298.01 294.67 298.09
823 294.55 298.01 294.67 298.09
824 294.55 298.01 294.67 298.09
825 294.55 298.01 294.67 298.09
826 294.55 298.01 294.67 298.09
827 294.55 298.01 294.67 298.09
828 294.55 298.01 294.67 298.09
829 294.55 298.01 294.67 298.09
830 294.55 298.01 294.67 298.09
831 294.55 298.01 294.67 298.09
832 294.55 298.01 294.67 298.09
833 294.55 298.01 294.67 298.09
834 294.55 298.01 294.67 298.09
835 294.55 298.01 294.67 298.09
836 294.55 298.01 294.67 298.09
837 294.55 298.01 294.67 298.09
838 294.55 298.01 294.67 298.09
839 294.55 298.01 294.67 298.09
840 294.55 298.01 294.67 298.09
841 294.55 298.01 294.67 298.09
842 294.55 298.01 294.67 298.09
843 294.55 298.01 294.67 298.09
844 294.55 298.01 294.67 298.09
845 294.55 298.01 294.67 298.09
846 294.55 298.01 294.67 298.09
847 294.55 298.01 294.67 298.09
848 294.55 298.01 294.67 298.09
849 294.55 298.01 294.67 298.09
850 294.55 298.01 294.67 298.09
851 294.55 298.01 294.67 298.09
852 294.55 298.01 294.67 298.09
853 294.55 298.01 294.67 298.09
854 294.55 298.01 294.67 298.09
855 294.55 298.01 294.67 298.09
856 294.55 298.01 294.67 298.09
857 294.55 298.01 294.67 298.09
858 294.55 298.01 294.67 298.09
859 294.55 298.01 294.67 298.09
860 294.55 298.01 294.67 298.09
861 294.55 298.01 294.67 298.09
862 294.55 298.01 294.67 298.09
863 294.55 298.01 294.67 298.09
864 294.55 298.01 294.67 298.09
865 294.55 298.01 294.67 298.09
866 294.55 298.01 294.67 298.09
867 294.55 298.01 294.67 298.09
868 169.00 55.00 373.00 302.00
869 168.54 54.68 372.85 300.61
870 168.89 54.57 373.44 299.97
871 168.38 54.81 373.32 298.75
872 168.65 55.30 373.45 298.63
873 168.85 53.89 373.97 297.85
874 168.43 54.40 373.85 297.48
875 167.92 55.54 373.62 298.38
876 169.10 53.97 374.35 297.61
877 168.90 54.20 374.23 297.73
878 169.04 54.23 374.33 297.55
879 169.86 54.29 375.48 297.07
880 170.02 54.61 376.29 296.57
881 170.33 52.57 377.12 295.57
882 171.51 54.28 378.15 298.38
883 173.75 52.50 379.15 297.51
884 176.11 53.87 381.43 301.25
885 177.94 54.70 382.01 304.06
886 179.12 52.81 382.30 304.09
887 179.81 53.30 381.66 303.55
888 181.81 53.98 382.24 305.03
889 183.31 54.59 383.15 305.12
890 183.67 55.46 383.13 305.77
891 184.39 53.85 383.84 304.84
892 184.24 54.40 382.21 304.12
893 184.67 53.24 382.30 304.29
894 184.52 54.19 382.22 303.83
895 184.26 55.30 381.57 304.47
896 184.55 54.08 382.32 304.70
897 184.47 54.64 381.80 304.04
898 184.60 53.32 382.01 303.89
899 184.29 53.84 381.91 303.73
900 184.43 54.34 382.30 305.22
901 184.05 54.07 381.53 304.55
902 184.04 53.90 381.15 304.09
903 182.73 53.28 379.54 304.31
904 179.55 52.07 377.93 303.13
905 175.64 52.94 375.89 304.33
906 167.67 50.11 371.21 304.13
907 156.54 47.71 359.48 304.67
908 143.45 44.27 344.82 300.59
909 135.64 44.88 334.78 298.51
910 87.36 67.39 273.49 303.27
911 83.36 68.70 273.69 303.45
912 82.73 68.95 273.64 302.03
913 81.33 69.87 273.13 300.61
914 81.21 69.71 272.96 300.53
915 81.32 70.42 272.77 299.22
916 82.19 69.77 273.54 298.56
917 81.05 71.29 273.03 298.57
918 80.96 71.14 273.13 298.37
919 81.22 70.79 272.89 297.49
920 81.78 71.46 273.18 297.90
921 82.97 71.82 274.62 297.34
922 82.27 70.48 274.04 296.33
923 82.51 71.90 274.08 297.34
924 81.31 71.02 272.94 295.74
925 81.31 70.29 272.71 296.49
926 81.79 69.42 272.00 296.05
927 81.23 67.21 271.00 292.29
928 83.57 62.61 272.33 289.02
929 90.55 61.53 278.45 287.99
930 97.18 60.90 285.22 287.51
931 115.95 59.78 302.92 288.33
932 141.60 58.90 331.17 289.80
933 175.71 59.17 363.89 298.30
934 184.48 55.36 373.70 298.33
935 195.41 55.04 392.47 298.58
936 203.91 59.99 419.07 299.46
937 201.96 60.52 430.70 301.25
938 196.19 62.23 442.27 302.17
939 202.69 66.05 473.67 305.50
940 198.43 68.08 496.62 306.30
941 189.54 67.47 505.32 311.93
942 184.64 67.58 516.24 312.01
943 183.42 68.39 525.09 316.19
944 182.05 67.67 528.57 315.29
945 182.72 67.52 534.01 316.58
946 182.46 68.13 536.46 318.85
947 182.99 68.46 543.36 319.07
948 182.85 69.74 546.40 320.88
949 182.19 70.59 549.77 323.28
950 180.13 71.50 547.99 323.89
951 179.86 70.29 551.08 322.81
952 178.60 70.66 551.77 324.23
953 179.63 70.50 554.18 325.21
954 179.90 69.99 556.05 326.40
955 178.69 69.40 555.72 325.61
956 180.24 70.22 560.06 327.06
957 178.22 70.15 557.02 325.18
958 179.03 69.20 557.93 325.59
959 176.96 70.07 555.87 327.62
960 177.70 70.50 558.02 329.05
961 177.82 69.23 560.18 325.36
962 177.09 68.53 564.06 324.98
963 177.74 66.98 571.93 323.03
964 178.33 66.81 575.01 322.84
965 173.74 65.79 574.47 322.86
966 172.23 65.64 572.34 324.46
967 171.58 66.05 567.25 324.70
968 173.64 65.37 561.64 326.24
969 172.29 64.98 555.85 325.15
970 173.42 66.08 546.57 325.67
971 174.65 66.38 538.72 322.81
972 175.28 67.50 531.97 322.20
973 175.03 65.95 524.93 319.93
974 174.93 62.32 515.61 319.50
975 175.16 57.02 502.65 313.57
976 176.17 52.91 494.86 311.59
977 175.53 49.02 478.21 309.19
978 177.61 46.35 467.67 306.77
979 175.91 41.90 449.63 301.39
980 176.11 40.62 433.59 298.62
981 179.64 34.63 416.77 293.06
982 182.04 34.52 407.58 288.35
983 181.78 30.97 396.84 286.57
984 185.30 29.63 394.21 284.78
985 182.37 26.31 385.92 283.97
986 181.56 26.52 383.81 283.57
987 174.60 25.90 376.32 281.21
988 158.58 25.72 359.62 277.34
989 151.44 27.77 348.51 277.02
990 134.80 28.62 327.27 272.50
991 113.86 33.49 304.08 275.02
992 103.52 35.90 294.02 280.21
993 83.41 52.30 279.00 298.73
994 70.49 64.13 272.18 313.02
995 49.43 82.99 256.52 336.01
996 28.33 96.30 245.18 347.66
997 13.53 82.68 235.33 336.14
998 11.50 73.81 238.20 326.72
999 13.78 73.75 241.71 323.85
1000 14.59 74.99 242.77 323.30
1001 22.45 73.40 246.16 321.19
1002 35.33 71.30 251.95 317.07
1003 43.39 71.89 255.96 313.78
1004 59.13 69.24 263.80 307.17
1005 78.14 65.78 275.08 300.69
1006 98.90 66.62 288.08 297.17
1007 114.36 67.79 297.72 294.50
1008 126.37 68.34 305.90 292.23
1009 146.24 70.30 322.57 291.59
1010 197.35 83.25 371.92 297.69
1011 195.18 91.41 375.07 297.56
1012 195.79 92.25 379.04 297.69
1013 195.77 92.63 382.38 298.86
1014 194.06 91.16 384.10 299.32
1015 194.08 91.85 385.91 300.94
1016 193.64 90.78 387.01 301.72
1017 192.03 89.72 387.80 302.58
1018 191.35 90.22 388.21 302.15
1019 190.46 88.83 388.53 301.40
1020 190.72 90.22 389.37 302.85
1021 190.66 87.44 390.21 301.93
1022 189.84 89.80 390.38 303.56
1023 189.14 89.25 390.62 305.55
1024 189.52 86.55 391.72 304.49
1025 189.78 89.31 391.41 304.93
1026 189.30 87.20 391.31 304.42
1027 190.03 85.32 392.12 301.71
1028 190.48 92.16 392.21 304.72
1029 189.01 89.47 391.99 306.66
1030 188.14 86.80 391.71 305.68
1031 188.46 88.45 391.45 307.13
1032 187.55 87.39 390.98 307.65
1033 188.35 88.10 391.45 307.79
1034 187.94 89.39 391.45 309.61
1035 188.77 86.80 392.36 307.83
1036 188.64 89.22 393.27 309.13
1037 187.85 85.42 392.70 307.19
1038 188.85 87.48 393.95 308.09
1039 188.39 86.09 393.83 307.60
1040 187.78 87.23 393.47 308.62
1041 188.17 86.51 393.63 308.91
1042 188.22 86.36 393.73 309.55
1043 188.70 86.36 393.65 309.49
1044 188.15 85.35 392.98 307.80
1045 187.98 87.91 393.00 309.67
1046 187.82 85.46 392.47 307.59
1047 188.06 88.58 392.77 308.64
1048 187.29 85.66 392.26 306.55
1049 187.59 87.68 392.07 305.73
1050 187.52 84.83 390.95 303.25
1051 187.30 89.10 390.18 303.62
1052 186.58 85.65 389.58 301.06
1053 187.29 88.45 389.13 301.72
1054 184.78 84.27 386.93 299.02
1055 183.46 85.71 384.56 296.96
1056 183.61 86.20 382.62 295.64
1057 182.80 85.93 380.35 295.95
1058 173.22 59.54 379.49 302.61
1059 162.42 42.30 376.29 302.15
1060 134.33 17.02 376.82 315.43
1061 92.91 -2.45 378.92 343.34
1062 72.86 -0.19 380.86 364.51
1063 39.60 -2.24 393.22 394.04
1064 11.86 2.27 392.31 419.85
1065 6.05 2.73 400.36 434.10
1066 -2.13 3.37 410.99 434.52
1067 -3.08 -2.97 420.56 439.41
1068 -3.06 0.54 430.67 436.41
1069 -3.23 0.84 444.25 434.73
1070 -4.14 1.60 454.79 433.90
1071 -4.86 3.05 462.07 433.55
1072 -5.75 -0.48 472.57 435.00
1073 -5.79 0.52 479.34 433.08
1074 -4.68 1.03 484.33 432.58
1075 -2.13 1.77 478.32 425.07
1076 3.37 1.09 478.36 418.89
1077 11.37 0.66 475.25 420.26
1078 30.59 0.35 480.40 416.37
1079 63.18 1.78 465.52 408.33
1080 93.06 3.21 460.25 397.14
1081 123.55 -2.99 458.32 378.14
1082 151.17 5.45 442.63 342.26
1083 154.52 -4.03 439.67 335.28
1084 170.74 4.74 429.48 323.11
1085 174.13 -4.28 423.57 314.97
1086 180.28 2.97 419.57 310.54
1087 185.81 1.31 409.57 307.25
1088 187.71 5.66 405.29 305.91
1089 182.70 11.82 395.65 306.46
1090 177.20 17.81 388.23 306.69
1091 175.25 19.41 384.67 304.58
1092 168.71 20.89 377.97 304.04
1093 166.17 26.49 377.23 305.65
1094 165.64 28.03 377.64 304.88
1095 164.27 33.12 376.85 305.76
1096 164.31 35.67 377.70 305.02
1097 164.02 37.34 378.42 304.45
1098 163.75 38.50 379.46 303.15
1099 162.13 43.84 379.12 305.05
1100 161.40 44.03 380.23 304.11
1101 157.33 46.13 378.67 303.53
1102 150.79 48.35 374.32 304.24
1103 139.70 53.03 365.74 308.18
1104 122.99 58.82 350.65 308.68
1105 114.51 56.02 338.76 302.48
1106 108.09 61.30 328.99 300.20
1107 97.32 65.90 318.60 299.02
1108 87.73 69.60 311.07 298.14
1109 87.07 71.79 311.82 297.38
1110 79.83 71.75 306.77 296.71
1111 78.86 74.31 307.01 297.64
1112 75.28 75.13 307.76 296.99
1113 75.46 77.59 307.73 297.59
1114 75.59 75.65 309.27 296.04
1115 74.56 78.63 308.02 297.24
1116 78.77 75.43 310.74 295.56
1117 86.57 73.77 313.88 294.89
1118 96.17 67.49 319.95 295.63
1119 113.46 61.88 333.21 301.17
1120 122.75 55.56 338.72 298.71
1121 144.08 52.58 356.50 298.55
1122 158.79 50.01 366.78 301.00
1123 178.91 45.45 382.49 300.90
1124 185.96 46.07 390.91 301.85
1125 197.94 49.90 415.79 300.61
1126 203.40 49.81 448.92 300.57
1127 215.40 54.40 487.95 305.65
1128 215.42 58.51 509.63 305.43
1129 224.94 57.73 538.33 302.83
1130 219.38 65.50 565.54 310.58
1131 225.68 64.54 610.25 317.60
1132 226.81 70.08 635.23 323.95
1133 216.44 76.93 647.38 321.83
1134 203.56 80.76 625.85 320.07
1135 194.94 79.27 624.42 317.03
1136 191.91 81.38 622.06 317.31
1137 192.45 80.20 620.13 316.11
1138 191.58 82.21 618.57 316.68
1139 190.18 80.12 616.48 315.24
1140 191.70 78.30 615.52 313.24
1141 191.69 75.66 612.57 312.23
1142 192.88 75.13 610.35 310.58
1143 192.13 73.51 612.33 309.90
1144 188.79 71.61 618.01 311.71
1145 190.00 70.33 624.89 314.30
1146 191.55 66.79 628.49 318.80
1147 192.44 63.41 628.94 322.97
1148 185.47 57.69 611.55 318.27
1149 184.00 53.64 584.00 317.32
1150 188.80 48.84 564.06 322.03
1151 189.61 39.74 535.98 315.52
1152 184.88 34.83 502.82 308.92
1153 185.27 33.03 482.53 314.77
1154 182.07 29.40 454.84 313.11
1155 187.71 29.01 436.69 310.93
1156 183.82 28.40 412.96 313.60
1157 161.34 29.87 386.87 309.85
1158 143.01 28.50 371.03 306.67
1159 132.61 28.57 362.42 305.51
1160 118.02 24.70 347.37 301.42
1161 110.57 21.62 338.91 298.45
1162 98.61 1.48 335.32 292.06
1163 97.10 2.11 343.09 295.73
1164 96.21 -2.59 347.93 294.06
1165 96.43 -1.08 352.65 293.11
1166 92.29 1.09 354.70 297.11
1167 83.78 0.83 352.71 297.93
1168 84.19 -0.28 353.75 295.97
1169 81.24 -1.42 350.02 298.66
1170 81.26 -0.02 346.32 300.14
1171 80.83 -1.20 343.26 299.53
1172 86.58 1.28 341.59 300.52
1173 91.01 1.14 343.15 302.70
1174 99.58 1.39 348.49 302.42
1175 117.22 6.56 358.99 303.55
1176 118.92 14.97 362.39 305.67
1177 139.12 29.02 373.64 307.53
1178 152.63 43.96 386.18 310.14
1179 156.02 53.48 391.46 311.40
1180 167.87 63.97 397.41 311.98
1181 173.79 69.50 394.35 311.84
1182 181.72 74.42 393.92 307.90
1183 185.96 78.64 392.29 303.50
1184 186.43 82.45 388.75 300.42
1185 187.73 86.64 388.21 299.51
1186 188.73 87.59 387.49 298.31
1187 189.04 87.29 386.95 296.35
1188 188.91 89.86 387.58 298.27
1189 188.88 87.79 390.64 298.78
1190 187.24 87.79 391.33 299.44
1191 186.85 87.61 392.77 302.67
1192 186.69 87.96 393.57 305.69
1193 186.21 86.16 393.88 307.90
1194 186.01 88.55 394.24 314.41
1195 185.84 87.87 395.14 317.05
1196 186.17 87.99 395.11 314.49
1197 184.34 86.16 394.82 309.40
1198 184.28 87.04 396.27 306.75
1199 185.69 87.64 397.67 308.16
1200 186.50 86.93 398.69 310.65
1201 184.54 86.68 398.03 312.70
1202 184.61 86.77 398.03 311.87
1203 187.62 81.95 400.79 308.59
1204 187.70 82.58 400.49 305.71
1205 187.89 83.05 401.73 304.13
1206 186.04 84.80 400.48 304.75
1207 184.43 89.39 395.44 305.03
1208 181.67 92.12 396.47 302.37
1209 173.46 97.03 394.49 305.07
1210 171.93 98.75 398.52 306.12
1211 168.48 96.23 399.24 303.03
1212 168.78 99.19 402.78 305.18
1213 169.75 100.77 406.16 305.78
1214 175.23 101.69 411.75 306.13
1215 174.13 98.24 409.02 305.96
1216 175.48 95.14 409.19 303.97
1217 173.72 95.10 407.45 302.90
1218 175.50 96.08 409.17 303.45
1219 175.46 96.56 410.74 304.59
1220 172.62 95.20 409.44 303.44
1221 171.68 95.73 407.52 303.25
1222 168.71 100.98 405.80 307.38
1223 169.07 103.18 405.08 307.65
1224 165.67 101.77 402.55 306.59
1225 167.46 98.25 403.90 303.45
1226 166.39 95.83 400.45 305.30
1227 167.80 88.41 398.55 304.92
1228 170.39 88.66 398.81 304.01
1229 170.86 87.80 397.84 302.16
1230 175.01 86.37 399.68 300.11
1231 177.74 88.37 399.84 302.60
1232 180.13 88.48 400.16 302.60
1233 181.32 88.94 399.27 302.97
1234 182.77 87.78 398.80 302.43
1235 185.58 87.76 403.24 302.03
1236 186.61 91.26 404.14 303.86
1237 189.51 90.94 406.51 302.87
1238 188.83 90.62 407.65 301.62
1239 188.44 90.12 410.69 301.64
1240 185.35 89.00 412.48 302.72
1241 181.43 88.65 412.35 301.81
1242 177.17 87.42 412.17 302.17
1243 173.70 87.01 412.86 301.65
1244 170.64 86.83 413.33 302.33
1245 167.73 87.74 412.40 302.17
1246 162.41 86.72 409.53 303.04
1247 159.53 90.31 408.56 304.75
1248 168.39 84.82 403.42 301.78
1249 177.89 87.04 397.20 297.96
1250 182.62 87.62 393.67 300.57
1251 186.46 90.77 393.32 305.55
1252 188.48 88.28 393.16 305.76
1253 187.28 86.38 393.22 302.99
1254 186.45 88.48 393.16 301.14
1255 187.49 87.64 393.53 299.62
1256 187.92 88.63 393.12 301.07
1257 187.51 89.53 393.32 303.94
1258 187.12 89.01 394.03 303.88
1259 187.41 88.43 394.86 304.05
1260 186.85 90.19 394.70 304.23
1261 188.39 90.92 396.55 305.88
1262 187.41 87.15 397.33 303.94
1263 186.90 91.39 398.24 306.43
1264 188.79 88.61 400.62 305.76
1265 189.57 88.26 399.50 306.11
1266 187.87 86.64 398.09 304.61
1267 187.47 89.15 398.53 305.28
1268 186.76 86.53 397.87 304.90
1269 187.17 88.22 398.11 305.51
1270 185.79 87.41 397.16 305.18
1271 185.48 85.69 397.79 304.08
1272 186.87 91.27 399.76 306.58
1273 185.85 87.99 401.13 304.88
1274 185.32 87.97 402.47 305.02
1275 181.17 87.91 401.20 303.17
1276 177.35 90.45 401.53 304.20
1277 174.58 88.73 403.39 303.08
1278 173.70 88.36 406.26 301.75
1279 173.17 88.61 411.05 302.24
1280 172.31 88.11 415.19 301.78
1281 171.40 90.36 421.65 303.09
1282 169.09 88.91 425.44 303.14
1283 167.33 88.22 428.61 303.37
1284 164.85 89.44 430.08 304.28
1285 162.34 87.80 430.61 302.95
1286 159.23 87.23 432.39 303.24
1287 158.71 90.27 429.44 309.32
1288 162.17 84.51 421.43 307.42
1289 173.91 84.74 412.09 305.61
1290 180.08 88.12 405.79 304.63
1291 183.16 87.93 401.93 303.25
1292 185.02 89.10 398.97 304.72
1293 186.40 88.33 397.57 303.07
1294 187.03 91.08 396.87 304.82
1295 187.66 89.96 396.91 303.44
1296 186.74 89.65 396.62 303.79
1297 186.04 88.84 396.85 302.44
1298 187.60 87.35 398.03 299.76
1299 187.76 90.57 397.98 300.61
1300 187.62 86.99 397.16 295.66
1301 187.38 90.99 396.25 296.93
1302 187.30 88.76 395.33 294.33
1303 188.07 88.90 395.58 294.24
1304 187.39 89.39 394.96 294.76
1305 186.82 89.97 393.95 294.88
1306 186.62 88.12 392.75 293.22
1307 186.56 87.81 391.50 292.21
1308 187.06 89.36 390.57 292.58
1309 186.09 89.25 388.80 292.03
1310 186.07 89.91 387.81 291.89
1311 186.94 91.54 385.64 291.94
1312 186.26 91.91 382.87 291.40
1313 186.57 91.77 381.16 291.15
1314 187.44 91.00 380.20 289.75
1315 187.24 91.07 378.63 288.36
1316 186.18 91.20 376.80 287.61
1317 186.46 89.88 375.59 287.04
1318 186.61 89.30 375.15 288.08
1319 186.78 86.16 374.95 287.96
1320 185.43 84.71 373.70 291.23
1321 185.47 81.13 372.02 291.03
1322 185.67 77.46 371.33 290.64
1323 185.19 73.47 370.85 294.36
1324 182.98 69.56 367.80 300.72
1325 180.74 62.35 365.52 299.40
1326 179.60 57.48 365.08 298.69
1327 178.26 55.14 363.88 298.01
1328 177.29 48.91 365.16 298.26
1329 175.41 43.55 365.68 297.18
1330 173.23 37.76 368.10 295.88
1331 172.61 35.61 372.21 296.50
1332 175.73 29.09 379.92 297.84
1333 178.92 26.74 388.42 300.73
1334 186.82 23.68 399.72 299.27
1335 195.14 21.76 412.64 297.66
1336 198.37 24.26 434.59 298.50
1337 196.63 26.77 444.54 299.59
1338 202.18 32.58 465.40 303.57
1339 203.36 40.12 483.17 306.99
1340 193.37 43.95 491.28 309.03
1341 186.21 53.39 504.40 317.22
1342 182.23 59.33 520.46 320.16
1343 179.98 61.46 527.63 321.45
1344 179.69 68.70 539.55 328.54
1345 178.31 68.99 544.92 327.12
1346 177.20 70.84 549.17 327.26
1347 175.49 72.45 553.30 327.37
1348 173.46 73.90 557.63 327.30
1349 173.19 73.64 567.12 326.61
1350 171.77 73.12 567.30 325.86
1351 173.08 73.10 571.89 325.83
1352 172.44 72.90 569.80 326.85
1353 170.90 75.06 567.14 328.12
1354 170.93 73.20 562.84 327.03
1355 171.94 75.52 558.17 330.40
1356 173.88 75.61 555.76 329.79
1357 174.68 72.97 549.11 326.59
1358 174.03 73.82 541.15 326.06
1359 176.07 73.51 538.20 325.31
1360 174.95 73.63 533.26 324.34
1361 174.89 74.10 531.12 324.11
1362 173.83 75.17 527.77 325.35
1363 174.30 73.92 527.98 323.90
1364 174.42 74.56 532.59 325.50
1365 175.87 74.52 545.10 327.45
1366 176.18 73.31 556.99 330.33
1367 177.41 72.82 575.99 329.20
1368 175.45 72.90 585.44 327.14
1369 175.97 73.81 592.24 325.36
1370 175.09 75.08 598.73 325.92
1371 172.94 76.67 600.93 325.41
1372 174.44 75.96 605.17 324.07
1373 174.29 75.92 606.09 323.04
1374 175.59 78.02 608.19 324.24
1375 175.70 76.33 605.91 324.29
1376 175.35 76.20 605.66 324.23
1377 174.67 75.65 604.43 324.37
1378 172.43 76.66 601.61 325.68
1379 174.11 75.95 600.24 326.21
1380 174.36 76.13 599.09 327.36
1381 172.98 75.20 598.24 325.86
1382 172.18 74.08 597.23 324.37
1383 170.52 75.07 596.87 324.68
1384 170.38 74.61 596.15 325.12
1385 171.50 76.26 596.91 325.94
1386 170.68 75.57 596.61 324.91
1387 172.30 75.66 597.87 324.13
1388 171.49 76.39 597.25 325.91
1389 171.70 74.53 596.75 323.41
1390 171.70 74.53 596.75 323.41
1391 171.70 74.53 596.75 323.41
1392 171.70 74.53 596.75 323.41
1393 171.70 74.53 596.75 323.41
1394 171.70 74.53 596.75 323.41
1395 171.70 74.53 596.75 323.41
1396 171.70 74.53 596.75 323.41
1397 171.70 74.53 596.75 323.41
1398 171.70 74.53 596.75 323.41
1399 171.70 74.53 596.75 323.41
1400 171.70 74.53 596.75 323.41
1401 171.70 74.53 596.75 323.41
1402 171.70 74.53 596.75 323.41
1403 171.70 74.53 596.75 323.41
1404 171.70 74.53 596.75 323.41
1405 171.70 74.53 596.75 323.41
1406 171.70 74.53 596.75 323.41
1407 171.70 74.53 596.75 323.41
1408 171.70 74.53 596.75 323.41
1409 171.70 74.53 596.75 323.41
1410 171.70 74.53 596.75 323.41
1411 171.70 74.53 596.75 323.41
1412 171.70 74.53 596.75 323.41
1413 171.70 74.53 596.75 323.41
1414 171.70 74.53 596.75 323.41
1415 171.70 74.53 596.75 323.41
1416 171.70 74.53 596.75 323.41
1417 171.70 74.53 596.75 323.41
1418 171.70 74.53 596.75 323.41
1419 171.70 74.53 596.75 323.41
1420 171.70 74.53 596.75 323.41
1421 171.70 74.53 596.75 323.41
1422 171.70 74.53 596.75 323.41
1423 171.70 74.53 596.75 323.41
1424 171.70 74.53 596.75 323.41
1425 171.70 74.53 596.75 323.41
1426 171.70 74.53 596.75 323.41
1427 171.70 74.53 596.75 323.41
1428 171.70 74.53 596.75 323.41
1429 171.70 74.53 596.75 323.41
1430 171.70 74.53 596.75 323.41
1431 171.70 74.53 596.75 323.41
1432 171.70 74.53 596.75 323.41
1433 171.70 74.53 596.75 323.41
1434 171.70 74.53 596.75 323.41
1435 171.70 74.53 596.75 323.41
1436 171.70 74.53 596.75 323.41
1437 171.70 74.53 596.75 323.41
1438 171.70 74.53 596.75 323.41
1439 171.70 74.53 596.75 323.41
1440 171.70 74.53 596.75 323.41
1441 171.70 74.53 596.75 323.41
1442 171.70 74.53 596.75 323.41
1443 171.70 74.53 596.75 323.41
1444 171.70 74.53 596.75 323.41
1445 171.70 74.53 596.75 323.41
1446 171.70 74.53 596.75 323.41
1447 171.70 74.53 596.75 323.41
1448 171.70 74.53 596.75 323.41
1449 171.70 74.53 596.75 323.41
1450 171.70 74.53 596.75 323.41
1451 171.70 74.53 596.75 323.41
1452 171.70 74.53 596.75 323.41
1453 171.70 74.53 596.75 323.41
1454 171.70 74.53 596.75 323.41
1455 171.70 74.53 596.75 323.41
1456 171.70 74.53 596.75 323.41
1457 171.70 74.53 596.75 323.41
1458 171.70 74.53 596.75 323.41
1459 171.70 74.53 596.75 323.41
1460 171.70 74.53 596.75 323.41
1461 171.70 74.53 596.75 323.41
1462 171.70 74.53 596.75 323.41
1463 171.70 74.53 596.75 323.41
1464 171.70 74.53 596.75 323.41
1465 171.70 74.53 596.75 323.41
1466 171.70 74.53 596.75 323.41
1467 405.00 96.00 587.00 333.00
1468 404.30 95.94 586.45 333.28
1469 403.96 95.36 585.78 332.29
1470 403.91 97.00 585.83 333.58
1471 403.29 96.44 585.25 333.86
1472 403.94 95.89 585.97 332.42
1473 402.58 95.61 584.72 332.91
1474 402.63 94.93 584.30 331.96
1475 401.21 96.13 582.44 333.15
1476 400.46 95.61 581.66 332.04
1477 399.56 96.59 581.28 332.83
1478 398.33 95.33 579.67 331.74
1479 397.94 95.72 578.87 332.07
1480 397.42 94.70 577.88 330.78
1481 395.31 94.89 575.50 331.43
1482 395.14 95.21 574.81 331.82
1483 391.09 95.06 570.68 331.29
1484 389.23 94.47 568.27 331.12
1485 384.92 93.58 564.47 328.56
1486 370.62 91.83 549.26 325.13
1487 362.92 90.56 542.18 323.37
1488 346.80 92.12 526.55 321.47
1489 330.57 91.69 510.54 320.78
1490 314.17 88.32 493.43 317.52
1491 305.85 84.71 485.57 315.43
1492 297.01 84.71 478.11 316.26
1493 277.09 80.38 461.08 319.96
1494 251.56 71.40 444.56 325.67
1495 225.72 62.59 425.59 334.00
1496 197.54 52.51 406.02 337.37
1497 182.48 50.17 401.76 341.03
1498 156.63 45.19 386.64 344.12
1499 144.09 39.09 386.06 347.04
1500 105.27 30.36 359.20 348.63
1501 83.23 24.82 344.83 351.95
1502 70.17 23.74 341.91 354.04
1503 45.68 26.67 321.95 354.44
1504 38.29 22.44 320.75 353.53
1505 40.92 24.50 326.87 355.05
1506 39.82 24.13 330.12 354.21
1507 42.57 28.14 335.30 351.50
1508 44.80 32.37 340.69 350.59
1509 53.30 35.31 354.17 349.54
1510 67.62 38.65 372.52 346.86
1511 90.72 45.59 395.75 339.60
1512 108.56 51.85 414.20 335.23
1513 114.85 61.94 418.57 331.32
1514 124.17 65.97 423.40 328.14
1515 143.70 77.33 430.98 327.26
1516 158.28 83.43 439.08 324.47
1517 170.53 88.97 447.64 327.54
1518 175.06 89.18 451.90 327.40
1519 181.65 91.86 459.05 329.63
1520 187.24 91.30 461.85 329.73
1521 186.21 93.92 459.16 330.20
1522 188.84 95.37 459.24 330.54
1523 189.85 97.61 460.74 330.40
1524 189.61 101.27 460.78 331.75
1525 190.96 101.84 463.15 332.39
1526 191.14 101.92 462.47 333.49
1527 192.01 101.36 463.39 334.30
1528 194.17 102.32 465.50 336.18
1529 193.22 102.09 466.42 339.58
1530 193.71 101.24 472.20 342.79
1531 192.93 100.90 479.81 343.53
1532 195.71 99.10 495.86 347.13
1533 193.78 93.97 502.66 356.38
1534 190.17 81.92 486.93 358.82
1535 190.47 81.55 476.46 357.62
1536 190.67 82.17 466.76 354.17
1537 192.58 84.01 459.61 351.99
1538 196.43 85.30 456.13 348.59
1539 195.30 84.27 450.35 344.85
1540 193.38 87.89 443.71 344.22
1541 194.80 85.45 439.24 340.38
1542 193.43 86.53 434.25 338.12
1543 192.51 85.48 429.40 334.89
1544 192.32 84.24 424.99 333.01
1545 192.11 88.03 420.51 334.41
1546 191.32 87.43 417.09 334.86
1547 190.74 85.45 413.74 334.54
1548 190.93 85.94 411.83 333.82
1549 190.85 89.20 409.68 335.05
1550 190.70 87.50 408.17 332.75
1551 190.58 89.94 407.57 334.57
1552 190.60 89.04 407.65 333.64
1553 189.75 89.71 406.81 334.71
1554 189.23 90.42 406.20 334.58
1555 189.58 89.12 405.81 333.73
1556 190.29 88.71 405.71 333.98
1557 189.48 87.51 404.59 334.12
1558 190.48 87.64 404.16 335.53
1559 190.76 87.95 404.11 336.72
1560 190.86 88.30 403.11 338.14
1561 191.34 88.66 402.84 337.78
1562 192.60 90.58 402.94 337.75
1563 193.46 91.77 402.51 338.15
1564 193.93 95.26 399.81 340.16
1565 193.85 94.93 396.61 340.13
1566 194.82 92.14 394.83 338.35
1567 195.83 95.52 393.50 340.17
1568 196.14 95.13 392.60 340.56
1569 196.84 94.36 392.02 340.44
1570 196.51 94.11 391.72 340.89
1571 196.77 94.93 392.60 341.36
1572 196.24 91.15 391.83 338.84
1573 195.49 93.28 392.33 338.94
1574 195.31 91.44 392.33 336.99
1575 193.68 91.58 391.56 336.25
1576 192.37 90.98 391.70 334.25
1577 191.58 90.35 392.33 331.98
1578 190.77 89.85 392.40 329.09
1579 189.31 89.15 391.66 325.33
1580 188.85 88.59 390.64 323.04
1581 188.61 89.60 389.54 321.01
1582 187.77 88.09 388.60 318.66
1583 186.56 89.41 386.80 321.95
1584 186.65 89.23 386.17 325.29
1585 176.11 81.53 383.43 332.43
